start=97.133333
speed=0.620952
deinterlace=yes
