start=198.264733
speed=14.422147
pause=no
