start=513.320000
speed=0.826463
