start=31.933333
speed=1.610510
pause=no
