start=4.900000
pause=no
volume=60.000000
