start=26.040000
speed=0.751337
fullscreen=yes
