start=6919.579000
osd-level=3
volume=30.000000
brightness=11
deinterlace=no
aid=1
sid=1
