start=7648.766125
volume=20.000000
fullscreen=yes
