start=7475.176042
osd-level=3
pause=yes
volume=38.000000
deinterlace=yes
ab-loop-a=2522.061208
