start=9267.216292
pause=yes
volume=35.000000
af=lavfi=graph=%26%dynaudnorm=f=200:g=5:r=0.1
video-aspect=2.350000
