start=2118.116000
pause=yes
volume=0.000000
