start=20.687333
volume=0.000000
