start=7588.080500
volume=60.000000
fullscreen=yes
