start=39.991644
volume=30.000000
