start=0.246000
speed=1.000440
pause=no
