start=2.240000
speed=1.100033
pause=no
