start=96.638208
volume=35.000000
