start=109.103000
speed=1.000230
pause=no
