start=8021.471792
volume=40.000000
