start=7770.053958
volume=40.000000
