start=424.920000
speed=2.143589
pause=no
