start=10470.334875
volume=55.000000
