start=2464.067000
speed=0.826736
