start=999.120000
speed=1.210048
pause=no
