start=904.862000
volume=30.000000
fullscreen=yes
aid=1
