start=0.140000
speed=1.000020
pause=no
