start=318.280000
speed=1.000300
