start=7138.548083
volume=35.000000
fullscreen=yes
aid=1
sid=3
