start=0.000000
speed=4.595019
