start=10.576667
speed=0.683259
pause=no
