start=405.613533
volume=0.000000
