start=783.360000
speed=2.853231
pause=no
