start=9.680000
pause=no
volume=58.000000
