start=5833.458000
pause=yes
volume=68.000000
