start=7236.103875
volume=59.000000
aid=1
sid=no
