start=265.223292
volume=59.000000
aid=1
sid=no
