start=1562.840000
speed=0.826463
pause=no
