start=0.844122
speed=0.826463
pause=no
