start=145.750000
pause=no
volume=75.000000
