start=24.149125
volume=30.000000
