start=23.148000
pause=no
volume=75.000000
aid=2
