start=450.158042
volume=39.000000
fullscreen=yes
